0 0.0734375 0.26171875 0.05 0.1140625
1 0.07265625 0.2234375 0.0234375 0.0296875
0 0.51328125 0.08671875 0.1265625 0.1734375
0 0.14765625 0.878125 0.0828125 0.24375
0 0.334375 0.9296875 0.10625 0.140625
1 0.15625 0.74375 0.05 0.0796875
1 0.3421875 0.83515625 0.0578125 0.1140625
1 0.075 0.8625 0.065625 0.1328125
0 0.065625 0.94921875 0.13125 0.1015625
0 0.840625 0.753125 0.0765625 0.2046875
1 0.7328125 0.63125 0.084375 0.11875
0 0.72890625 0.8421875 0.1421875 0.315625
1 0.8375 0.63359375 0.03125 0.0609375