1 0.46875 0.08515625 0.078125 0.0828125
0 0.471875 0.26640625 0.19375 0.4046875
1 0.81796875 0.4453125 0.0515625 0.046875
1 0.43203125 0.925 0.078125 0.10625
1 0.6984375 0.49296875 0.1125 0.0484375
1 0.81796875 0.4921875 0.0859375 0.046875
1 0.94140625 0.4984375 0.0890625 0.059375
1 0.58671875 0.63125 0.0359375 0.14375
1 0.6890625 0.646875 0.078125 0.1390625
1 0.81171875 0.66953125 0.0859375 0.1390625
1 0.9484375 0.68046875 0.0828125 0.1421875
1 0.5875 0.82890625 0.0375 0.1390625
1 0.684375 0.84296875 0.1015625 0.146875
1 0.80546875 0.8640625 0.0796875 0.140625
1 0.92890625 0.871875 0.0828125 0.1265625