1 0.3171875 0.33359375 0.225 0.2109375
0 0.18125 0.10625 0.153125 0.2125
1 0.59140625 0.13046875 0.103125 0.1265625
1 0.7171875 0.10546875 0.096875 0.128125
1 0.83828125 0.08359375 0.1 0.1203125
1 0.959375 0.06171875 0.08125 0.1234375
1 0.525 0.3484375 0.05 0.125
1 0.62421875 0.32265625 0.0890625 0.115625
1 0.7390625 0.2953125 0.090625 0.1171875
1 0.8640625 0.278125 0.084375 0.1171875
1 0.97265625 0.25859375 0.0546875 0.1296875
0 0.21484375 0.54453125 0.0796875 0.134375
1 0.8515625 0.79765625 0.0796875 0.1265625
0 0.88203125 0.878125 0.1890625 0.24375