1 0.51640625 0.05234375 0.0734375 0.1046875
1 0.63984375 0.04453125 0.0703125 0.0890625
1 0.75703125 0.0359375 0.0796875 0.071875
1 0.87421875 0.02734375 0.0640625 0.0546875
1 0.98125 0.0265625 0.0375 0.053125
1 0.5140625 0.2203125 0.08125 0.078125
1 0.64375 0.21796875 0.075 0.0828125
1 0.76484375 0.21328125 0.0890625 0.0921875
1 0.8796875 0.19921875 0.0828125 0.115625
1 0.98125 0.19765625 0.0375 0.1234375
0 0.05234375 0.7703125 0.1046875 0.225
0 0.659375 0.5328125 0.0796875 0.1296875
1 0.65078125 0.4875 0.0375 0.0359375