0 0.66953125 0.37421875 0.0421875 0.1390625
0 0.69296875 0.43359375 0.05625 0.096875
1 0.678125 0.325 0.0265625 0.05
1 0.55546875 0.346875 0.0765625 0.1125
0 0.5234375 0.4484375 0.1875 0.203125
1 0.05390625 0.6125 0.1078125 0.125
1 0.17109375 0.64609375 0.1109375 0.14375
1 0.296875 0.6703125 0.10625 0.153125
1 0.034375 0.80078125 0.06875 0.1265625
1 0.15078125 0.83359375 0.103125 0.1234375
1 0.27421875 0.85703125 0.1140625 0.1421875
1 0.02421875 0.9734375 0.0484375 0.053125
1 0.13125 0.9828125 0.103125 0.034375
1 0.2546875 0.99453125 0.08125 0.0109375
1 0.8875 0.56328125 0.084375 0.0265625
1 0.3796875 0.6171875 0.059375 0.1125
1 0.484375 0.64765625 0.0875 0.1125
1 0.6078125 0.67109375 0.08125 0.1171875
1 0.7328125 0.6953125 0.0890625 0.1078125
1 0.8625 0.71015625 0.1 0.1203125
1 0.9671875 0.7453125 0.065625 0.121875
1 0.36953125 0.8203125 0.0390625 0.1125
1 0.46796875 0.84609375 0.0984375 0.125
1 0.584375 0.86796875 0.0859375 0.1234375
1 0.72109375 0.890625 0.0921875 0.10625
1 0.84453125 0.9109375 0.1234375 0.121875
1 0.9578125 0.93671875 0.084375 0.1171875