1 0.16015625 0.19140625 0.1125 0.1125
0 0.1484375 0.31328125 0.296875 0.1515625
1 0.775 0.153125 0.165625 0.30625
0 0.77734375 0.3171875 0.1953125 0.14375
0 0.315625 0.884375 0.0921875 0.121875
1 0.31328125 0.83828125 0.040625 0.0328125
1 0.7078125 0.421875 0.05625 0.065625
1 0.81171875 0.4234375 0.0984375 0.06875
1 0.93359375 0.41953125 0.1109375 0.0609375
1 0.69765625 0.6140625 0.0359375 0.128125
1 0.7828125 0.58984375 0.096875 0.1125
1 0.921875 0.596875 0.0875 0.109375
1 0.76640625 0.8 0.1078125 0.128125
1 0.88671875 0.80546875 0.0984375 0.121875
1 0.9828125 0.79609375 0.034375 0.1390625
1 0.73828125 0.9671875 0.0828125 0.065625
1 0.85859375 0.9671875 0.1046875 0.065625
1 0.97109375 0.96796875 0.0578125 0.0640625