1 0.3421875 0.02578125 0.075 0.0515625
0 0.29140625 0.26796875 0.1765625 0.4546875
1 0.5328125 0.34453125 0.0734375 0.0546875
1 0.665625 0.30390625 0.0546875 0.059375
0 0.56484375 0.45 0.1359375 0.178125
0 0.71328125 0.41953125 0.171875 0.1796875
0 0.18671875 0.84921875 0.2453125 0.3015625
1 0.15625 0.62890625 0.08125 0.1203125
1 0.9421875 0.58984375 0.0875 0.0421875
1 0.4609375 0.72265625 0.0921875 0.1046875
1 0.58671875 0.73046875 0.0921875 0.1078125
1 0.7109375 0.7375 0.0921875 0.1171875
1 0.84140625 0.73671875 0.09375 0.1125
1 0.9625 0.74375 0.075 0.11875
1 0.48046875 0.93359375 0.0984375 0.1078125
1 0.60625 0.9328125 0.0953125 0.1078125
1 0.7390625 0.940625 0.103125 0.1140625
1 0.85703125 0.9234375 0.0984375 0.115625
1 0.9625 0.93671875 0.075 0.1265625